NAME HUAWEI ADU451604_2655_X_CO_M45_00T
FREQUENCY 2655
GAIN 16.13 dBd
TILT ELECTRICAL
COMMENT VERSION V00 -45 degrees polarization 00T degree downtilt
HORIZONTAL 360
0.00 0.45
1.00 0.49
2.00 0.53
3.00 0.57
4.00 0.61
5.00 0.64
6.00 0.67
7.00 0.70
8.00 0.72
9.00 0.74
10.00 0.77
11.00 0.79
12.00 0.81
13.00 0.83
14.00 0.85
15.00 0.88
16.00 0.91
17.00 0.94
18.00 0.99
19.00 1.03
20.00 1.09
21.00 1.16
22.00 1.24
23.00 1.33
24.00 1.44
25.00 1.56
26.00 1.69
27.00 1.84
28.00 2.01
29.00 2.19
30.00 2.40
31.00 2.62
32.00 2.86
33.00 3.12
34.00 3.40
35.00 3.70
36.00 4.02
37.00 4.36
38.00 4.72
39.00 5.11
40.00 5.51
41.00 5.93
42.00 6.38
43.00 6.84
44.00 7.33
45.00 7.84
46.00 8.37
47.00 8.91
48.00 9.48
49.00 10.07
50.00 10.68
51.00 11.31
52.00 11.95
53.00 12.62
54.00 13.31
55.00 14.03
56.00 14.76
57.00 15.52
58.00 16.31
59.00 17.12
60.00 17.96
61.00 18.83
62.00 19.75
63.00 20.70
64.00 21.71
65.00 22.77
66.00 23.90
67.00 25.10
68.00 26.41
69.00 27.83
70.00 29.41
71.00 31.18
72.00 33.22
73.00 35.65
74.00 38.67
75.00 42.61
76.00 47.58
77.00 48.48
78.00 44.37
79.00 41.13
80.00 38.87
81.00 37.23
82.00 35.99
83.00 35.04
84.00 34.30
85.00 33.72
86.00 33.26
87.00 32.91
88.00 32.64
89.00 32.45
90.00 32.31
91.00 32.22
92.00 32.17
93.00 32.16
94.00 32.17
95.00 32.22
96.00 32.28
97.00 32.37
98.00 32.47
99.00 32.59
100.00 32.72
101.00 32.87
102.00 33.03
103.00 33.22
104.00 33.43
105.00 33.66
106.00 33.93
107.00 34.23
108.00 34.56
109.00 34.95
110.00 35.37
111.00 35.86
112.00 36.38
113.00 36.95
114.00 37.56
115.00 38.18
116.00 38.76
117.00 39.27
118.00 39.63
119.00 39.79
120.00 39.70
121.00 39.40
122.00 38.93
123.00 38.37
124.00 37.76
125.00 37.16
126.00 36.58
127.00 36.06
128.00 35.59
129.00 35.17
130.00 34.81
131.00 34.49
132.00 34.23
133.00 34.00
134.00 33.81
135.00 33.65
136.00 33.52
137.00 33.41
138.00 33.34
139.00 33.28
140.00 33.25
141.00 33.26
142.00 33.30
143.00 33.37
144.00 33.50
145.00 33.67
146.00 33.90
147.00 34.20
148.00 34.58
149.00 35.03
150.00 35.56
151.00 36.18
152.00 36.90
153.00 37.71
154.00 38.59
155.00 39.51
156.00 40.41
157.00 41.21
158.00 41.77
159.00 42.02
160.00 41.95
161.00 41.63
162.00 41.20
163.00 40.75
164.00 40.36
165.00 40.05
166.00 39.85
167.00 39.75
168.00 39.74
169.00 39.81
170.00 39.92
171.00 40.01
172.00 40.04
173.00 39.94
174.00 39.68
175.00 39.25
176.00 38.70
177.00 38.06
178.00 37.41
179.00 36.78
180.00 36.20
181.00 35.70
182.00 35.30
183.00 34.99
184.00 34.79
185.00 34.69
186.00 34.72
187.00 34.86
188.00 35.13
189.00 35.54
190.00 36.09
191.00 36.81
192.00 37.73
193.00 38.87
194.00 40.29
195.00 42.08
196.00 44.37
197.00 47.40
198.00 51.33
199.00 54.15
200.00 51.61
201.00 48.14
202.00 45.56
203.00 43.68
204.00 42.31
205.00 41.28
206.00 40.50
207.00 39.92
208.00 39.47
209.00 39.12
210.00 38.83
211.00 38.55
212.00 38.25
213.00 37.92
214.00 37.52
215.00 37.07
216.00 36.58
217.00 36.06
218.00 35.54
219.00 35.02
220.00 34.54
221.00 34.10
222.00 33.71
223.00 33.38
224.00 33.11
225.00 32.90
226.00 32.75
227.00 32.66
228.00 32.63
229.00 32.65
230.00 32.73
231.00 32.85
232.00 33.02
233.00 33.21
234.00 33.44
235.00 33.68
236.00 33.93
237.00 34.18
238.00 34.41
239.00 34.62
240.00 34.80
241.00 34.93
242.00 35.02
243.00 35.07
244.00 35.08
245.00 35.04
246.00 34.98
247.00 34.89
248.00 34.77
249.00 34.65
250.00 34.51
251.00 34.37
252.00 34.21
253.00 34.05
254.00 33.88
255.00 33.70
256.00 33.51
257.00 33.31
258.00 33.10
259.00 32.88
260.00 32.64
261.00 32.40
262.00 32.15
263.00 31.89
264.00 31.63
265.00 31.37
266.00 31.11
267.00 30.86
268.00 30.62
269.00 30.40
270.00 30.19
271.00 29.99
272.00 29.80
273.00 29.63
274.00 29.46
275.00 29.31
276.00 29.15
277.00 28.99
278.00 28.81
279.00 28.61
280.00 28.39
281.00 28.13
282.00 27.84
283.00 27.50
284.00 27.11
285.00 26.69
286.00 26.22
287.00 25.72
288.00 25.19
289.00 24.64
290.00 24.07
291.00 23.48
292.00 22.89
293.00 22.29
294.00 21.68
295.00 21.07
296.00 20.46
297.00 19.85
298.00 19.24
299.00 18.62
300.00 18.01
301.00 17.39
302.00 16.77
303.00 16.15
304.00 15.52
305.00 14.90
306.00 14.27
307.00 13.64
308.00 13.02
309.00 12.39
310.00 11.78
311.00 11.16
312.00 10.56
313.00 9.96
314.00 9.37
315.00 8.80
316.00 8.23
317.00 7.69
318.00 7.16
319.00 6.64
320.00 6.14
321.00 5.66
322.00 5.20
323.00 4.76
324.00 4.34
325.00 3.94
326.00 3.56
327.00 3.20
328.00 2.86
329.00 2.54
330.00 2.24
331.00 1.96
332.00 1.71
333.00 1.47
334.00 1.25
335.00 1.05
336.00 0.87
337.00 0.71
338.00 0.57
339.00 0.45
340.00 0.34
341.00 0.25
342.00 0.17
343.00 0.11
344.00 0.07
345.00 0.03
346.00 0.01
347.00 0.00
348.00 0.00
349.00 0.01
350.00 0.03
351.00 0.06
352.00 0.09
353.00 0.13
354.00 0.17
355.00 0.21
356.00 0.26
357.00 0.30
358.00 0.35
359.00 0.40
VERTICAL 360
0.00 0.00
1.00 0.83
2.00 3.56
3.00 8.90
4.00 19.81
5.00 29.17
6.00 25.33
7.00 20.73
8.00 14.89
9.00 12.81
10.00 13.22
11.00 14.80
12.00 15.68
13.00 16.03
14.00 17.74
15.00 22.06
16.00 29.20
17.00 29.18
18.00 28.43
19.00 31.67
20.00 36.83
21.00 32.22
22.00 24.41
23.00 18.78
24.00 15.14
25.00 13.10
26.00 12.42
27.00 12.99
28.00 14.85
29.00 18.28
30.00 24.10
31.00 36.77
32.00 34.84
33.00 29.99
34.00 29.63
35.00 30.71
36.00 31.98
37.00 33.60
38.00 36.88
39.00 43.19
40.00 49.29
41.00 56.68
42.00 43.43
43.00 34.51
44.00 30.02
45.00 27.68
46.00 26.79
47.00 27.12
48.00 28.67
49.00 31.11
50.00 32.18
51.00 30.45
52.00 28.67
53.00 27.83
54.00 27.98
55.00 29.24
56.00 31.91
57.00 33.07
58.00 27.92
59.00 23.21
60.00 20.08
61.00 18.18
62.00 17.21
63.00 16.93
64.00 17.10
65.00 17.52
66.00 18.10
67.00 18.80
68.00 19.68
69.00 20.75
70.00 21.91
71.00 22.98
72.00 23.83
73.00 24.45
74.00 24.96
75.00 25.51
76.00 26.11
77.00 26.66
78.00 26.99
79.00 27.06
80.00 27.10
81.00 27.43
82.00 28.24
83.00 29.64
84.00 31.76
85.00 34.54
86.00 36.31
87.00 35.09
88.00 33.11
89.00 32.17
90.00 32.68
91.00 34.56
92.00 37.73
93.00 41.28
94.00 42.88
95.00 41.88
96.00 40.48
97.00 40.32
98.00 41.98
99.00 45.40
100.00 49.16
101.00 49.49
102.00 46.02
103.00 42.67
104.00 40.85
105.00 40.59
106.00 41.69
107.00 43.77
108.00 45.48
109.00 45.19
110.00 43.82
111.00 42.55
112.00 41.66
113.00 41.04
114.00 40.43
115.00 39.89
116.00 39.91
117.00 40.88
118.00 42.94
119.00 45.99
120.00 49.57
121.00 51.93
122.00 50.92
123.00 48.49
124.00 46.47
125.00 45.26
126.00 44.57
127.00 43.77
128.00 42.64
129.00 41.51
130.00 40.41
131.00 39.17
132.00 38.08
133.00 37.59
134.00 37.77
135.00 38.24
136.00 38.33
137.00 37.90
138.00 37.54
139.00 37.78
140.00 38.87
141.00 40.78
142.00 43.06
143.00 44.49
144.00 43.80
145.00 41.64
146.00 39.80
147.00 39.23
148.00 40.26
149.00 42.27
150.00 42.31
151.00 40.80
152.00 40.62
153.00 42.26
154.00 44.85
155.00 46.22
156.00 46.39
157.00 46.38
158.00 45.54
159.00 44.25
160.00 43.63
161.00 44.05
162.00 44.78
163.00 44.47
164.00 43.76
165.00 43.97
166.00 44.97
167.00 45.37
168.00 44.11
169.00 42.43
170.00 41.84
171.00 42.53
172.00 41.76
173.00 38.70
174.00 36.75
175.00 36.92
176.00 39.56
177.00 44.77
178.00 44.35
179.00 40.96
180.00 39.73
181.00 38.95
182.00 38.92
183.00 39.28
184.00 39.92
185.00 41.03
186.00 43.08
187.00 46.88
188.00 52.43
189.00 49.92
190.00 45.74
191.00 43.52
192.00 42.55
193.00 42.11
194.00 41.22
195.00 40.40
196.00 41.32
197.00 44.44
198.00 42.15
199.00 37.79
200.00 36.40
201.00 38.07
202.00 44.34
203.00 51.19
204.00 42.44
205.00 40.58
206.00 41.46
207.00 43.57
208.00 46.70
209.00 51.71
210.00 51.08
211.00 48.71
212.00 50.93
213.00 59.29
214.00 59.99
215.00 67.73
216.00 51.00
217.00 44.80
218.00 43.43
219.00 46.28
220.00 56.33
221.00 49.63
222.00 46.12
223.00 47.52
224.00 54.34
225.00 63.66
226.00 51.62
227.00 47.42
228.00 44.22
229.00 41.59
230.00 39.89
231.00 39.22
232.00 39.53
233.00 41.15
234.00 45.27
235.00 52.67
236.00 47.01
237.00 44.39
238.00 45.12
239.00 42.92
240.00 38.41
241.00 35.58
242.00 34.24
243.00 33.80
244.00 33.75
245.00 33.64
246.00 33.46
247.00 33.52
248.00 34.01
249.00 34.73
250.00 35.20
251.00 34.80
252.00 33.80
253.00 33.20
254.00 33.52
255.00 34.63
256.00 35.85
257.00 36.11
258.00 35.05
259.00 33.69
260.00 33.03
261.00 33.27
262.00 34.00
263.00 34.36
264.00 33.65
265.00 32.06
266.00 30.29
267.00 28.80
268.00 27.79
269.00 27.44
270.00 27.81
271.00 28.77
272.00 29.70
273.00 29.74
274.00 28.82
275.00 27.65
276.00 26.81
277.00 26.52
278.00 26.80
279.00 27.50
280.00 28.44
281.00 29.42
282.00 30.38
283.00 31.33
284.00 32.18
285.00 32.47
286.00 31.79
287.00 30.43
288.00 29.01
289.00 27.75
290.00 26.56
291.00 25.22
292.00 23.60
293.00 21.81
294.00 20.11
295.00 18.74
296.00 17.78
297.00 17.25
298.00 17.13
299.00 17.42
300.00 18.15
301.00 19.42
302.00 21.36
303.00 24.19
304.00 28.18
305.00 33.43
306.00 38.46
307.00 38.89
308.00 33.68
309.00 28.57
310.00 25.14
311.00 23.23
312.00 22.65
313.00 23.31
314.00 25.02
315.00 26.56
316.00 25.89
317.00 24.36
318.00 23.90
319.00 25.08
320.00 28.29
321.00 33.31
322.00 34.18
323.00 31.82
324.00 29.55
325.00 26.88
326.00 25.48
327.00 26.94
328.00 32.00
329.00 25.61
330.00 19.95
331.00 17.00
332.00 15.95
333.00 16.55
334.00 18.79
335.00 22.89
336.00 29.30
337.00 36.81
338.00 39.15
339.00 41.04
340.00 40.90
341.00 40.28
342.00 34.45
343.00 29.05
344.00 25.18
345.00 21.72
346.00 18.95
347.00 17.56
348.00 17.98
349.00 20.42
350.00 23.93
351.00 26.01
352.00 31.12
353.00 31.55
354.00 24.53
355.00 29.72
356.00 18.22
357.00 8.63
358.00 3.55
359.00 0.87
