NAME ADU451807_1850_X_CO_M45_00T
FREQUENCY 1850
GAIN 15.93 dBd
TILT	ELECTRICAL
COMMENT DATE 02.08.2011 90 degrees polarized system Lever position 00t deg
HORIZONTAL 360
0.00 0.00
1.00 0.00
2.00 0.00
3.00 0.01
4.00 0.03
5.00 0.05
6.00 0.08
7.00 0.12
8.00 0.16
9.00 0.21
10.00 0.27
11.00 0.33
12.00 0.39
13.00 0.47
14.00 0.55
15.00 0.64
16.00 0.73
17.00 0.83
18.00 0.93
19.00 1.04
20.00 1.16
21.00 1.28
22.00 1.41
23.00 1.54
24.00 1.68
25.00 1.82
26.00 1.97
27.00 2.13
28.00 2.29
29.00 2.45
30.00 2.62
31.00 2.80
32.00 2.98
33.00 3.16
34.00 3.35
35.00 3.55
36.00 3.75
37.00 3.95
38.00 4.16
39.00 4.37
40.00 4.59
41.00 4.82
42.00 5.05
43.00 5.28
44.00 5.52
45.00 5.77
46.00 6.02
47.00 6.27
48.00 6.53
49.00 6.79
50.00 7.06
51.00 7.33
52.00 7.60
53.00 7.88
54.00 8.16
55.00 8.44
56.00 8.72
57.00 9.01
58.00 9.30
59.00 9.58
60.00 9.87
61.00 10.16
62.00 10.44
63.00 10.73
64.00 11.02
65.00 11.30
66.00 11.59
67.00 11.87
68.00 12.15
69.00 12.43
70.00 12.71
71.00 12.99
72.00 13.27
73.00 13.55
74.00 13.82
75.00 14.10
76.00 14.37
77.00 14.65
78.00 14.93
79.00 15.20
80.00 15.48
81.00 15.75
82.00 16.03
83.00 16.31
84.00 16.59
85.00 16.87
86.00 17.15
87.00 17.43
88.00 17.72
89.00 18.00
90.00 18.29
91.00 18.58
92.00 18.87
93.00 19.17
94.00 19.46
95.00 19.76
96.00 20.07
97.00 20.37
98.00 20.68
99.00 20.99
100.00 21.31
101.00 21.62
102.00 21.94
103.00 22.27
104.00 22.59
105.00 22.92
106.00 23.25
107.00 23.59
108.00 23.93
109.00 24.27
110.00 24.61
111.00 24.95
112.00 25.29
113.00 25.64
114.00 25.98
115.00 26.33
116.00 26.68
117.00 27.03
118.00 27.38
119.00 27.73
120.00 28.07
121.00 28.42
122.00 28.76
123.00 29.10
124.00 29.42
125.00 29.74
126.00 30.05
127.00 30.35
128.00 30.63
129.00 30.89
130.00 31.14
131.00 31.37
132.00 31.58
133.00 31.78
134.00 31.98
135.00 32.16
136.00 32.35
137.00 32.54
138.00 32.73
139.00 32.94
140.00 33.17
141.00 33.41
142.00 33.69
143.00 33.99
144.00 34.32
145.00 34.69
146.00 35.10
147.00 35.56
148.00 36.06
149.00 36.63
150.00 37.26
151.00 37.97
152.00 38.78
153.00 39.72
154.00 40.81
155.00 42.12
156.00 43.72
157.00 45.77
158.00 48.51
159.00 52.34
160.00 56.24
161.00 53.62
162.00 49.06
163.00 45.66
164.00 43.09
165.00 41.05
166.00 39.37
167.00 37.96
168.00 36.74
169.00 35.70
170.00 34.78
171.00 33.99
172.00 33.30
173.00 32.70
174.00 32.19
175.00 31.76
176.00 31.40
177.00 31.12
178.00 30.91
179.00 30.77
180.00 30.69
181.00 30.68
182.00 30.74
183.00 30.87
184.00 31.08
185.00 31.35
186.00 31.70
187.00 32.13
188.00 32.65
189.00 33.26
190.00 33.97
191.00 34.80
192.00 35.76
193.00 36.89
194.00 38.20
195.00 39.76
196.00 41.64
197.00 43.96
198.00 46.89
199.00 50.45
200.00 52.80
201.00 50.78
202.00 47.59
203.00 45.01
204.00 43.04
205.00 41.49
206.00 40.24
207.00 39.21
208.00 38.35
209.00 37.62
210.00 36.99
211.00 36.44
212.00 35.96
213.00 35.54
214.00 35.16
215.00 34.83
216.00 34.52
217.00 34.24
218.00 33.98
219.00 33.75
220.00 33.53
221.00 33.31
222.00 33.11
223.00 32.91
224.00 32.71
225.00 32.51
226.00 32.30
227.00 32.08
228.00 31.84
229.00 31.59
230.00 31.33
231.00 31.05
232.00 30.75
233.00 30.44
234.00 30.12
235.00 29.78
236.00 29.43
237.00 29.08
238.00 28.73
239.00 28.37
240.00 28.01
241.00 27.65
242.00 27.29
243.00 26.93
244.00 26.58
245.00 26.22
246.00 25.88
247.00 25.53
248.00 25.19
249.00 24.85
250.00 24.52
251.00 24.18
252.00 23.86
253.00 23.53
254.00 23.21
255.00 22.89
256.00 22.57
257.00 22.26
258.00 21.95
259.00 21.64
260.00 21.34
261.00 21.03
262.00 20.74
263.00 20.44
264.00 20.14
265.00 19.85
266.00 19.56
267.00 19.27
268.00 18.98
269.00 18.70
270.00 18.42
271.00 18.13
272.00 17.85
273.00 17.57
274.00 17.29
275.00 17.02
276.00 16.74
277.00 16.46
278.00 16.19
279.00 15.91
280.00 15.64
281.00 15.36
282.00 15.09
283.00 14.81
284.00 14.54
285.00 14.26
286.00 13.98
287.00 13.70
288.00 13.42
289.00 13.15
290.00 12.86
291.00 12.58
292.00 12.30
293.00 12.01
294.00 11.73
295.00 11.44
296.00 11.16
297.00 10.87
298.00 10.58
299.00 10.29
300.00 10.00
301.00 9.71
302.00 9.43
303.00 9.14
304.00 8.86
305.00 8.57
306.00 8.29
307.00 8.01
308.00 7.74
309.00 7.46
310.00 7.19
311.00 6.93
312.00 6.66
313.00 6.41
314.00 6.15
315.00 5.90
316.00 5.66
317.00 5.42
318.00 5.18
319.00 4.95
320.00 4.73
321.00 4.50
322.00 4.29
323.00 4.08
324.00 3.87
325.00 3.67
326.00 3.48
327.00 3.28
328.00 3.10
329.00 2.92
330.00 2.74
331.00 2.57
332.00 2.41
333.00 2.25
334.00 2.09
335.00 1.94
336.00 1.80
337.00 1.66
338.00 1.52
339.00 1.39
340.00 1.27
341.00 1.15
342.00 1.04
343.00 0.93
344.00 0.83
345.00 0.73
346.00 0.64
347.00 0.56
348.00 0.48
349.00 0.41
350.00 0.34
351.00 0.28
352.00 0.22
353.00 0.17
354.00 0.13
355.00 0.09
356.00 0.06
357.00 0.04
358.00 0.02
359.00 0.00
VERTICAL 360
0.00 0.00
1.00 1.05
2.00 3.36
3.00 7.53
4.00 15.67
5.00 22.28
6.00 14.37
7.00 13.12
8.00 15.58
9.00 24.80
10.00 23.16
11.00 15.30
12.00 12.92
13.00 13.03
14.00 15.33
15.00 20.75
16.00 33.85
17.00 25.05
18.00 21.99
19.00 23.52
20.00 30.75
21.00 28.13
22.00 21.25
23.00 18.61
24.00 18.24
25.00 19.76
26.00 23.55
27.00 31.74
28.00 39.57
29.00 31.66
30.00 32.94
31.00 41.66
32.00 28.13
33.00 21.96
34.00 18.68
35.00 16.96
36.00 16.36
37.00 16.69
38.00 17.88
39.00 19.97
40.00 23.13
41.00 27.75
42.00 34.88
43.00 42.79
44.00 37.76
45.00 35.06
46.00 33.77
47.00 32.77
48.00 31.91
49.00 31.39
50.00 31.30
51.00 31.51
52.00 31.62
53.00 31.25
54.00 30.42
55.00 29.53
56.00 28.90
57.00 28.69
58.00 28.95
59.00 29.69
60.00 30.89
61.00 32.41
62.00 33.81
63.00 34.33
64.00 33.68
65.00 32.52
66.00 31.44
67.00 30.67
68.00 30.23
69.00 30.12
70.00 30.29
71.00 30.73
72.00 31.40
73.00 32.29
74.00 33.36
75.00 34.60
76.00 35.92
77.00 37.23
78.00 38.36
79.00 39.14
80.00 39.48
81.00 39.45
82.00 39.20
83.00 38.87
84.00 38.56
85.00 38.31
86.00 38.12
87.00 38.01
88.00 37.96
89.00 37.95
90.00 37.97
91.00 38.00
92.00 38.02
93.00 38.01
94.00 37.95
95.00 37.83
96.00 37.66
97.00 37.42
98.00 37.15
99.00 36.86
100.00 36.58
101.00 36.35
102.00 36.18
103.00 36.13
104.00 36.21
105.00 36.48
106.00 36.98
107.00 37.78
108.00 38.98
109.00 40.73
110.00 43.37
111.00 47.69
112.00 57.13
113.00 55.85
114.00 47.59
115.00 43.82
116.00 41.70
117.00 40.53
118.00 40.03
119.00 40.03
120.00 40.38
121.00 40.85
122.00 41.14
123.00 41.04
124.00 40.64
125.00 40.18
126.00 39.88
127.00 39.82
128.00 39.99
129.00 40.29
130.00 40.63
131.00 40.91
132.00 41.03
133.00 40.82
134.00 40.18
135.00 39.26
136.00 38.38
137.00 37.87
138.00 37.93
139.00 38.75
140.00 40.50
141.00 43.32
142.00 46.64
143.00 47.66
144.00 46.50
145.00 46.17
146.00 47.37
147.00 49.31
148.00 49.09
149.00 47.08
150.00 45.92
151.00 45.91
152.00 46.08
153.00 45.24
154.00 44.09
155.00 44.03
156.00 45.95
157.00 51.86
158.00 55.24
159.00 47.23
160.00 44.75
161.00 46.02
162.00 54.16
163.00 51.55
164.00 42.75
165.00 39.66
166.00 39.36
167.00 41.95
168.00 51.26
169.00 49.29
170.00 41.48
171.00 39.62
172.00 41.47
173.00 50.44
174.00 42.84
175.00 35.43
176.00 31.80
177.00 29.95
178.00 29.28
179.00 29.55
180.00 30.68
181.00 32.88
182.00 36.05
183.00 40.11
184.00 43.87
185.00 45.57
186.00 47.47
187.00 53.34
188.00 63.75
189.00 49.66
190.00 46.00
191.00 45.48
192.00 47.25
193.00 50.82
194.00 52.20
195.00 50.22
196.00 49.61
197.00 50.56
198.00 50.76
199.00 48.83
200.00 47.01
201.00 46.10
202.00 45.67
203.00 45.28
204.00 45.13
205.00 45.83
206.00 47.69
207.00 49.10
208.00 46.91
209.00 44.23
210.00 43.01
211.00 43.32
212.00 44.54
213.00 44.02
214.00 41.02
215.00 38.29
216.00 36.65
217.00 36.07
218.00 36.49
219.00 37.93
220.00 40.56
221.00 44.75
222.00 51.13
223.00 55.09
224.00 52.53
225.00 52.14
226.00 53.33
227.00 51.89
228.00 47.88
229.00 44.52
230.00 42.02
231.00 40.08
232.00 38.47
233.00 37.11
234.00 36.02
235.00 35.25
236.00 34.85
237.00 34.89
238.00 35.41
239.00 36.53
240.00 38.39
241.00 41.33
242.00 45.85
243.00 49.22
244.00 44.90
245.00 40.99
246.00 38.52
247.00 36.98
248.00 36.07
249.00 35.64
250.00 35.60
251.00 35.90
252.00 36.49
253.00 37.33
254.00 38.34
255.00 39.32
256.00 39.98
257.00 39.97
258.00 39.27
259.00 38.13
260.00 36.88
261.00 35.66
262.00 34.55
263.00 33.56
264.00 32.67
265.00 31.88
266.00 31.16
267.00 30.51
268.00 29.92
269.00 29.37
270.00 28.87
271.00 28.41
272.00 27.99
273.00 27.62
274.00 27.29
275.00 27.02
276.00 26.81
277.00 26.67
278.00 26.61
279.00 26.65
280.00 26.80
281.00 27.09
282.00 27.52
283.00 28.13
284.00 28.92
285.00 29.90
286.00 31.01
287.00 32.08
288.00 32.83
289.00 32.94
290.00 32.47
291.00 31.80
292.00 31.29
293.00 31.20
294.00 31.73
295.00 33.17
296.00 36.16
297.00 42.44
298.00 42.44
299.00 34.53
300.00 30.09
301.00 27.32
302.00 25.58
303.00 24.64
304.00 24.41
305.00 24.92
306.00 26.29
307.00 28.81
308.00 33.22
309.00 41.70
310.00 41.41
311.00 35.73
312.00 33.47
313.00 31.41
314.00 27.89
315.00 24.07
316.00 20.95
317.00 18.68
318.00 17.21
319.00 16.50
320.00 16.53
321.00 17.33
322.00 18.99
323.00 21.62
324.00 25.35
325.00 29.91
326.00 34.18
327.00 39.34
328.00 45.55
329.00 33.50
330.00 28.51
331.00 26.54
332.00 26.90
333.00 30.27
334.00 43.61
335.00 33.91
336.00 27.73
337.00 26.24
338.00 27.99
339.00 33.38
340.00 29.73
341.00 24.26
342.00 22.16
343.00 22.73
344.00 26.80
345.00 36.11
346.00 25.90
347.00 21.69
348.00 21.13
349.00 24.01
350.00 35.01
351.00 29.10
352.00 24.38
353.00 25.77
354.00 19.71
355.00 11.60
356.00 6.44
357.00 3.08
358.00 1.01
359.00 0.01
