NAME HUAWEI ADU451604_0806_X_CO_M45_00T
FREQUENCY 0806
GAIN 13.54 dBd
TILT ELECTRICAL
COMMENT VERSION V00 -45 degrees polarization 00T degree downtilt
HORIZONTAL 360
0.00 0.01
1.00 0.00
2.00 0.00
3.00 0.00
4.00 0.00
5.00 0.02
6.00 0.03
7.00 0.06
8.00 0.08
9.00 0.12
10.00 0.16
11.00 0.20
12.00 0.25
13.00 0.30
14.00 0.36
15.00 0.43
16.00 0.50
17.00 0.57
18.00 0.65
19.00 0.74
20.00 0.83
21.00 0.92
22.00 1.03
23.00 1.13
24.00 1.24
25.00 1.36
26.00 1.48
27.00 1.61
28.00 1.74
29.00 1.88
30.00 2.02
31.00 2.17
32.00 2.32
33.00 2.48
34.00 2.64
35.00 2.81
36.00 2.99
37.00 3.16
38.00 3.35
39.00 3.53
40.00 3.73
41.00 3.93
42.00 4.13
43.00 4.34
44.00 4.55
45.00 4.76
46.00 4.99
47.00 5.21
48.00 5.44
49.00 5.68
50.00 5.92
51.00 6.16
52.00 6.41
53.00 6.66
54.00 6.92
55.00 7.18
56.00 7.44
57.00 7.71
58.00 7.98
59.00 8.26
60.00 8.54
61.00 8.82
62.00 9.10
63.00 9.39
64.00 9.68
65.00 9.98
66.00 10.28
67.00 10.58
68.00 10.88
69.00 11.18
70.00 11.49
71.00 11.80
72.00 12.11
73.00 12.42
74.00 12.74
75.00 13.06
76.00 13.38
77.00 13.70
78.00 14.02
79.00 14.34
80.00 14.67
81.00 14.99
82.00 15.32
83.00 15.65
84.00 15.98
85.00 16.31
86.00 16.64
87.00 16.97
88.00 17.31
89.00 17.64
90.00 17.98
91.00 18.32
92.00 18.66
93.00 19.00
94.00 19.34
95.00 19.69
96.00 20.04
97.00 20.39
98.00 20.74
99.00 21.09
100.00 21.44
101.00 21.80
102.00 22.16
103.00 22.51
104.00 22.87
105.00 23.23
106.00 23.60
107.00 23.96
108.00 24.32
109.00 24.69
110.00 25.05
111.00 25.41
112.00 25.77
113.00 26.13
114.00 26.49
115.00 26.84
116.00 27.19
117.00 27.54
118.00 27.88
119.00 28.22
120.00 28.56
121.00 28.89
122.00 29.21
123.00 29.54
124.00 29.85
125.00 30.17
126.00 30.48
127.00 30.79
128.00 31.10
129.00 31.42
130.00 31.73
131.00 32.05
132.00 32.38
133.00 32.72
134.00 33.06
135.00 33.43
136.00 33.81
137.00 34.21
138.00 34.63
139.00 35.08
140.00 35.57
141.00 36.08
142.00 36.64
143.00 37.25
144.00 37.91
145.00 38.63
146.00 39.43
147.00 40.30
148.00 41.27
149.00 42.35
150.00 43.54
151.00 44.83
152.00 46.18
153.00 47.44
154.00 48.34
155.00 48.53
156.00 47.94
157.00 46.81
158.00 45.51
159.00 44.21
160.00 43.01
161.00 41.92
162.00 40.94
163.00 40.07
164.00 39.29
165.00 38.60
166.00 37.97
167.00 37.41
168.00 36.92
169.00 36.47
170.00 36.07
171.00 35.72
172.00 35.41
173.00 35.15
174.00 34.92
175.00 34.72
176.00 34.56
177.00 34.43
178.00 34.34
179.00 34.28
180.00 34.25
181.00 34.25
182.00 34.29
183.00 34.35
184.00 34.45
185.00 34.58
186.00 34.75
187.00 34.95
188.00 35.19
189.00 35.46
190.00 35.77
191.00 36.13
192.00 36.53
193.00 36.97
194.00 37.45
195.00 37.98
196.00 38.56
197.00 39.16
198.00 39.81
199.00 40.45
200.00 41.07
201.00 41.61
202.00 42.02
203.00 42.22
204.00 42.18
205.00 41.86
206.00 41.34
207.00 40.66
208.00 39.89
209.00 39.10
210.00 38.30
211.00 37.53
212.00 36.79
213.00 36.09
214.00 35.43
215.00 34.81
216.00 34.24
217.00 33.69
218.00 33.18
219.00 32.71
220.00 32.27
221.00 31.85
222.00 31.46
223.00 31.09
224.00 30.75
225.00 30.42
226.00 30.12
227.00 29.84
228.00 29.57
229.00 29.31
230.00 29.08
231.00 28.85
232.00 28.64
233.00 28.43
234.00 28.24
235.00 28.05
236.00 27.87
237.00 27.70
238.00 27.53
239.00 27.37
240.00 27.21
241.00 27.05
242.00 26.89
243.00 26.73
244.00 26.58
245.00 26.41
246.00 26.25
247.00 26.08
248.00 25.90
249.00 25.72
250.00 25.53
251.00 25.34
252.00 25.13
253.00 24.92
254.00 24.70
255.00 24.46
256.00 24.22
257.00 23.97
258.00 23.71
259.00 23.44
260.00 23.16
261.00 22.87
262.00 22.57
263.00 22.26
264.00 21.95
265.00 21.63
266.00 21.31
267.00 20.98
268.00 20.64
269.00 20.30
270.00 19.96
271.00 19.61
272.00 19.26
273.00 18.91
274.00 18.55
275.00 18.20
276.00 17.84
277.00 17.48
278.00 17.13
279.00 16.77
280.00 16.42
281.00 16.06
282.00 15.71
283.00 15.36
284.00 15.01
285.00 14.66
286.00 14.31
287.00 13.97
288.00 13.63
289.00 13.29
290.00 12.96
291.00 12.62
292.00 12.29
293.00 11.96
294.00 11.64
295.00 11.32
296.00 11.00
297.00 10.69
298.00 10.38
299.00 10.07
300.00 9.77
301.00 9.47
302.00 9.17
303.00 8.89
304.00 8.60
305.00 8.32
306.00 8.04
307.00 7.76
308.00 7.49
309.00 7.22
310.00 6.96
311.00 6.71
312.00 6.45
313.00 6.20
314.00 5.96
315.00 5.72
316.00 5.48
317.00 5.25
318.00 5.02
319.00 4.80
320.00 4.59
321.00 4.38
322.00 4.17
323.00 3.97
324.00 3.77
325.00 3.58
326.00 3.39
327.00 3.20
328.00 3.03
329.00 2.85
330.00 2.69
331.00 2.52
332.00 2.36
333.00 2.21
334.00 2.06
335.00 1.92
336.00 1.78
337.00 1.65
338.00 1.52
339.00 1.40
340.00 1.28
341.00 1.17
342.00 1.06
343.00 0.96
344.00 0.86
345.00 0.77
346.00 0.68
347.00 0.60
348.00 0.52
349.00 0.45
350.00 0.38
351.00 0.32
352.00 0.27
353.00 0.22
354.00 0.17
355.00 0.13
356.00 0.10
357.00 0.07
358.00 0.04
359.00 0.02
VERTICAL 360
0.00 0.00
1.00 0.08
2.00 0.38
3.00 0.91
4.00 1.69
5.00 2.73
6.00 4.09
7.00 5.84
8.00 8.10
9.00 11.10
10.00 15.31
11.00 22.00
12.00 28.31
13.00 21.50
14.00 17.93
15.00 16.27
16.00 15.68
17.00 15.85
18.00 16.68
19.00 18.19
20.00 20.55
21.00 24.20
22.00 29.60
23.00 29.84
24.00 24.67
25.00 21.26
26.00 19.15
27.00 17.91
28.00 17.32
29.00 17.26
30.00 17.64
31.00 18.42
32.00 19.50
33.00 20.83
34.00 22.34
35.00 24.04
36.00 25.90
37.00 27.85
38.00 29.57
39.00 30.39
40.00 29.92
41.00 28.72
42.00 27.54
43.00 26.70
44.00 26.16
45.00 25.70
46.00 25.03
47.00 24.02
48.00 22.89
49.00 21.89
50.00 21.18
51.00 20.80
52.00 20.73
53.00 20.88
54.00 21.18
55.00 21.55
56.00 21.91
57.00 22.22
58.00 22.53
59.00 22.85
60.00 23.23
61.00 23.64
62.00 24.04
63.00 24.43
64.00 24.84
65.00 25.31
66.00 25.79
67.00 26.15
68.00 26.28
69.00 26.18
70.00 26.00
71.00 25.84
72.00 25.74
73.00 25.70
74.00 25.71
75.00 25.72
76.00 25.72
77.00 25.71
78.00 25.68
79.00 25.63
80.00 25.53
81.00 25.36
82.00 25.14
83.00 24.96
84.00 24.96
85.00 25.14
86.00 25.41
87.00 25.71
88.00 26.01
89.00 26.29
90.00 26.59
91.00 26.93
92.00 27.38
93.00 27.97
94.00 28.74
95.00 29.68
96.00 30.81
97.00 32.11
98.00 33.57
99.00 35.17
100.00 36.61
101.00 37.10
102.00 35.82
103.00 34.06
104.00 32.75
105.00 31.99
106.00 31.68
107.00 31.69
108.00 31.89
109.00 32.13
110.00 32.22
111.00 31.98
112.00 31.40
113.00 30.70
114.00 30.08
115.00 29.66
116.00 29.45
117.00 29.41
118.00 29.51
119.00 29.74
120.00 30.11
121.00 30.67
122.00 31.45
123.00 32.46
124.00 33.70
125.00 35.05
126.00 36.26
127.00 37.02
128.00 37.36
129.00 37.62
130.00 38.00
131.00 38.38
132.00 38.53
133.00 38.51
134.00 38.63
135.00 39.01
136.00 39.32
137.00 39.04
138.00 38.15
139.00 37.25
140.00 36.72
141.00 36.58
142.00 36.70
143.00 36.88
144.00 37.05
145.00 37.26
146.00 37.62
147.00 38.16
148.00 38.84
149.00 39.57
150.00 40.20
151.00 40.49
152.00 40.34
153.00 40.08
154.00 40.18
155.00 41.07
156.00 43.02
157.00 45.65
158.00 45.65
159.00 42.51
160.00 39.77
161.00 38.01
162.00 36.93
163.00 36.27
164.00 35.81
165.00 35.43
166.00 35.16
167.00 35.18
168.00 35.68
169.00 36.89
170.00 39.19
171.00 43.36
172.00 50.98
173.00 47.16
174.00 41.29
175.00 38.11
176.00 36.22
177.00 35.10
178.00 34.46
179.00 34.22
180.00 34.32
181.00 34.77
182.00 35.57
183.00 36.61
184.00 37.40
185.00 37.23
186.00 36.12
187.00 34.80
188.00 33.79
189.00 33.21
190.00 33.05
191.00 33.20
192.00 33.54
193.00 33.96
194.00 34.39
195.00 34.84
196.00 35.33
197.00 35.90
198.00 36.48
199.00 36.92
200.00 37.01
201.00 36.85
202.00 36.80
203.00 37.31
204.00 38.84
205.00 42.07
206.00 48.73
207.00 50.51
208.00 43.32
209.00 39.92
210.00 38.32
211.00 37.68
212.00 37.56
213.00 37.64
214.00 37.76
215.00 37.89
216.00 38.08
217.00 38.34
218.00 38.57
219.00 38.42
220.00 37.59
221.00 36.25
222.00 34.90
223.00 33.87
224.00 33.27
225.00 33.09
226.00 33.28
227.00 33.75
228.00 34.39
229.00 35.12
230.00 35.85
231.00 36.54
232.00 37.12
233.00 37.40
234.00 37.31
235.00 36.86
236.00 36.26
237.00 35.60
238.00 34.92
239.00 34.14
240.00 33.26
241.00 32.30
242.00 31.38
243.00 30.61
244.00 30.14
245.00 30.05
246.00 30.37
247.00 31.05
248.00 31.91
249.00 32.71
250.00 33.23
251.00 33.29
252.00 32.79
253.00 31.80
254.00 30.67
255.00 29.76
256.00 29.28
257.00 29.30
258.00 29.83
259.00 30.81
260.00 31.99
261.00 32.79
262.00 32.51
263.00 31.27
264.00 29.80
265.00 28.51
266.00 27.52
267.00 26.84
268.00 26.44
269.00 26.32
270.00 26.46
271.00 26.80
272.00 27.25
273.00 27.68
274.00 27.95
275.00 27.99
276.00 27.79
277.00 27.45
278.00 27.04
279.00 26.63
280.00 26.22
281.00 25.82
282.00 25.40
283.00 24.99
284.00 24.60
285.00 24.28
286.00 24.08
287.00 24.01
288.00 24.10
289.00 24.33
290.00 24.67
291.00 25.08
292.00 25.50
293.00 25.89
294.00 26.26
295.00 26.60
296.00 26.96
297.00 27.38
298.00 27.88
299.00 28.50
300.00 29.25
301.00 30.12
302.00 31.06
303.00 31.97
304.00 32.72
305.00 33.22
306.00 33.29
307.00 32.66
308.00 31.12
309.00 28.94
310.00 26.62
311.00 24.48
312.00 22.69
313.00 21.27
314.00 20.20
315.00 19.42
316.00 18.86
317.00 18.43
318.00 18.10
319.00 17.87
320.00 17.78
321.00 17.94
322.00 18.44
323.00 19.45
324.00 21.12
325.00 23.68
326.00 26.95
327.00 27.96
328.00 25.01
329.00 22.07
330.00 20.04
331.00 18.74
332.00 18.00
333.00 17.72
334.00 17.87
335.00 18.50
336.00 19.75
337.00 21.98
338.00 26.10
339.00 36.92
340.00 33.04
341.00 25.13
342.00 21.48
343.00 19.51
344.00 18.67
345.00 18.83
346.00 20.11
347.00 22.90
348.00 26.76
349.00 22.34
350.00 16.23
351.00 12.03
352.00 8.94
353.00 6.54
354.00 4.65
355.00 3.15
356.00 1.99
357.00 1.12
358.00 0.50
359.00 0.13
