NAME HUAWEI ADU451604_2140_X_CO_M45_00T
FREQUENCY 2140
GAIN 16.14 dBd
TILT ELECTRICAL
COMMENT VERSION V00 -45 degrees polarization 00T degree downtilt
HORIZONTAL 360
0.00 0.00
1.00 0.01
2.00 0.03
3.00 0.05
4.00 0.08
5.00 0.12
6.00 0.17
7.00 0.22
8.00 0.29
9.00 0.36
10.00 0.44
11.00 0.52
12.00 0.62
13.00 0.72
14.00 0.83
15.00 0.94
16.00 1.07
17.00 1.20
18.00 1.34
19.00 1.49
20.00 1.64
21.00 1.80
22.00 1.97
23.00 2.15
24.00 2.33
25.00 2.53
26.00 2.72
27.00 2.93
28.00 3.14
29.00 3.36
30.00 3.59
31.00 3.82
32.00 4.06
33.00 4.31
34.00 4.57
35.00 4.83
36.00 5.09
37.00 5.36
38.00 5.64
39.00 5.93
40.00 6.22
41.00 6.52
42.00 6.82
43.00 7.12
44.00 7.43
45.00 7.75
46.00 8.08
47.00 8.40
48.00 8.74
49.00 9.07
50.00 9.42
51.00 9.76
52.00 10.11
53.00 10.47
54.00 10.83
55.00 11.19
56.00 11.56
57.00 11.93
58.00 12.31
59.00 12.69
60.00 13.07
61.00 13.45
62.00 13.84
63.00 14.23
64.00 14.61
65.00 15.00
66.00 15.39
67.00 15.77
68.00 16.16
69.00 16.54
70.00 16.92
71.00 17.30
72.00 17.67
73.00 18.04
74.00 18.41
75.00 18.77
76.00 19.13
77.00 19.49
78.00 19.84
79.00 20.19
80.00 20.54
81.00 20.89
82.00 21.24
83.00 21.60
84.00 21.95
85.00 22.31
86.00 22.68
87.00 23.04
88.00 23.42
89.00 23.80
90.00 24.18
91.00 24.57
92.00 24.97
93.00 25.37
94.00 25.77
95.00 26.18
96.00 26.58
97.00 26.98
98.00 27.38
99.00 27.77
100.00 28.15
101.00 28.52
102.00 28.87
103.00 29.20
104.00 29.51
105.00 29.80
106.00 30.08
107.00 30.33
108.00 30.57
109.00 30.80
110.00 31.02
111.00 31.23
112.00 31.44
113.00 31.66
114.00 31.88
115.00 32.11
116.00 32.35
117.00 32.59
118.00 32.84
119.00 33.10
120.00 33.35
121.00 33.60
122.00 33.84
123.00 34.06
124.00 34.26
125.00 34.43
126.00 34.56
127.00 34.66
128.00 34.73
129.00 34.78
130.00 34.81
131.00 34.84
132.00 34.87
133.00 34.91
134.00 34.98
135.00 35.08
136.00 35.23
137.00 35.42
138.00 35.68
139.00 36.00
140.00 36.39
141.00 36.87
142.00 37.42
143.00 38.07
144.00 38.83
145.00 39.69
146.00 40.67
147.00 41.75
148.00 42.93
149.00 44.15
150.00 45.32
151.00 46.25
152.00 46.75
153.00 46.73
154.00 46.31
155.00 45.68
156.00 45.02
157.00 44.41
158.00 43.92
159.00 43.55
160.00 43.30
161.00 43.18
162.00 43.18
163.00 43.28
164.00 43.48
165.00 43.76
166.00 44.09
167.00 44.45
168.00 44.81
169.00 45.12
170.00 45.36
171.00 45.51
172.00 45.55
173.00 45.51
174.00 45.43
175.00 45.35
176.00 45.31
177.00 45.35
178.00 45.49
179.00 45.78
180.00 46.25
181.00 46.95
182.00 47.93
183.00 49.29
184.00 51.23
185.00 54.13
186.00 59.10
187.00 71.26
188.00 61.18
189.00 54.49
190.00 50.66
191.00 48.00
192.00 45.99
193.00 44.42
194.00 43.16
195.00 42.14
196.00 41.31
197.00 40.66
198.00 40.16
199.00 39.78
200.00 39.54
201.00 39.41
202.00 39.39
203.00 39.47
204.00 39.65
205.00 39.92
206.00 40.26
207.00 40.64
208.00 41.02
209.00 41.35
210.00 41.55
211.00 41.55
212.00 41.31
213.00 40.83
214.00 40.19
215.00 39.44
216.00 38.65
217.00 37.87
218.00 37.13
219.00 36.45
220.00 35.83
221.00 35.28
222.00 34.80
223.00 34.38
224.00 34.02
225.00 33.71
226.00 33.47
227.00 33.27
228.00 33.11
229.00 33.00
230.00 32.91
231.00 32.85
232.00 32.81
233.00 32.77
234.00 32.74
235.00 32.70
236.00 32.64
237.00 32.56
238.00 32.44
239.00 32.29
240.00 32.10
241.00 31.88
242.00 31.62
243.00 31.33
244.00 31.02
245.00 30.69
246.00 30.35
247.00 30.01
248.00 29.67
249.00 29.33
250.00 29.00
251.00 28.68
252.00 28.37
253.00 28.07
254.00 27.77
255.00 27.49
256.00 27.21
257.00 26.94
258.00 26.66
259.00 26.39
260.00 26.11
261.00 25.84
262.00 25.55
263.00 25.26
264.00 24.95
265.00 24.64
266.00 24.31
267.00 23.97
268.00 23.63
269.00 23.27
270.00 22.90
271.00 22.52
272.00 22.14
273.00 21.76
274.00 21.37
275.00 20.98
276.00 20.59
277.00 20.20
278.00 19.81
279.00 19.42
280.00 19.03
281.00 18.65
282.00 18.27
283.00 17.90
284.00 17.52
285.00 17.15
286.00 16.78
287.00 16.42
288.00 16.05
289.00 15.69
290.00 15.33
291.00 14.97
292.00 14.60
293.00 14.24
294.00 13.88
295.00 13.52
296.00 13.16
297.00 12.81
298.00 12.45
299.00 12.09
300.00 11.73
301.00 11.38
302.00 11.02
303.00 10.67
304.00 10.32
305.00 9.98
306.00 9.64
307.00 9.30
308.00 8.96
309.00 8.63
310.00 8.31
311.00 7.99
312.00 7.68
313.00 7.37
314.00 7.07
315.00 6.77
316.00 6.48
317.00 6.20
318.00 5.92
319.00 5.65
320.00 5.39
321.00 5.13
322.00 4.88
323.00 4.63
324.00 4.40
325.00 4.16
326.00 3.94
327.00 3.72
328.00 3.50
329.00 3.30
330.00 3.10
331.00 2.90
332.00 2.71
333.00 2.53
334.00 2.35
335.00 2.18
336.00 2.01
337.00 1.85
338.00 1.70
339.00 1.55
340.00 1.41
341.00 1.27
342.00 1.14
343.00 1.02
344.00 0.90
345.00 0.80
346.00 0.69
347.00 0.60
348.00 0.51
349.00 0.42
350.00 0.35
351.00 0.28
352.00 0.22
353.00 0.17
354.00 0.12
355.00 0.08
356.00 0.05
357.00 0.03
358.00 0.01
359.00 0.00
VERTICAL 360
0.00 0.00
1.00 0.44
2.00 2.05
3.00 5.12
4.00 10.47
5.00 21.70
6.00 24.55
7.00 19.55
8.00 21.81
9.00 21.23
10.00 15.54
11.00 12.63
12.00 11.94
13.00 12.99
14.00 15.56
15.00 18.96
16.00 21.22
17.00 22.58
18.00 25.83
19.00 30.47
20.00 26.12
21.00 22.98
22.00 22.74
23.00 24.70
24.00 27.11
25.00 26.91
26.00 27.25
27.00 33.09
28.00 30.50
29.00 20.81
30.00 16.05
31.00 13.35
32.00 11.93
33.00 11.49
34.00 11.87
35.00 13.01
36.00 14.91
37.00 17.62
38.00 21.33
39.00 26.53
40.00 35.24
41.00 43.99
42.00 33.88
43.00 30.79
44.00 29.86
45.00 30.20
46.00 31.38
47.00 32.54
48.00 32.16
49.00 30.43
50.00 28.68
51.00 27.42
52.00 26.63
53.00 26.20
54.00 26.00
55.00 26.01
56.00 26.23
57.00 26.67
58.00 27.38
59.00 28.31
60.00 29.39
61.00 30.43
62.00 31.23
63.00 31.66
64.00 31.80
65.00 31.88
66.00 32.06
67.00 32.37
68.00 32.67
69.00 32.75
70.00 32.55
71.00 32.19
72.00 31.95
73.00 31.99
74.00 32.38
75.00 32.97
76.00 33.47
77.00 33.59
78.00 33.26
79.00 32.74
80.00 32.32
81.00 32.23
82.00 32.52
83.00 33.13
84.00 33.87
85.00 34.53
86.00 35.01
87.00 35.36
88.00 35.80
89.00 36.59
90.00 37.81
91.00 39.27
92.00 40.68
93.00 41.95
94.00 42.88
95.00 42.75
96.00 41.80
97.00 41.26
98.00 41.76
99.00 43.43
100.00 46.05
101.00 48.90
102.00 50.61
103.00 50.59
104.00 50.03
105.00 50.20
106.00 51.38
107.00 52.19
108.00 50.62
109.00 48.23
110.00 46.28
111.00 44.60
112.00 42.92
113.00 41.24
114.00 39.78
115.00 38.79
116.00 38.42
117.00 38.72
118.00 39.55
119.00 40.52
120.00 41.03
121.00 40.93
122.00 40.75
123.00 41.00
124.00 41.81
125.00 42.82
126.00 43.21
127.00 42.76
128.00 42.15
129.00 41.94
130.00 42.29
131.00 43.18
132.00 44.58
133.00 46.19
134.00 47.41
135.00 48.04
136.00 48.60
137.00 48.98
138.00 48.19
139.00 46.66
140.00 45.73
141.00 45.95
142.00 47.27
143.00 48.87
144.00 49.57
145.00 50.45
146.00 54.45
147.00 69.11
148.00 50.67
149.00 44.90
150.00 41.86
151.00 40.13
152.00 39.24
153.00 39.10
154.00 39.65
155.00 40.53
156.00 40.84
157.00 40.30
158.00 39.85
159.00 40.20
160.00 41.42
161.00 43.10
162.00 44.17
163.00 43.51
164.00 41.65
165.00 40.04
166.00 39.46
167.00 40.35
168.00 43.23
169.00 49.71
170.00 58.58
171.00 50.60
172.00 49.62
173.00 54.65
174.00 61.77
175.00 48.52
176.00 44.40
177.00 43.08
178.00 42.05
179.00 42.98
180.00 45.99
181.00 53.52
182.00 57.22
183.00 50.29
184.00 46.72
185.00 45.96
186.00 48.20
187.00 50.76
188.00 45.24
189.00 41.30
190.00 39.87
191.00 40.15
192.00 41.86
193.00 45.00
194.00 48.43
195.00 51.25
196.00 53.86
197.00 49.19
198.00 44.50
199.00 42.53
200.00 43.02
201.00 46.66
202.00 56.08
203.00 47.96
204.00 42.71
205.00 40.53
206.00 39.74
207.00 39.46
208.00 39.14
209.00 38.73
210.00 38.62
211.00 39.20
212.00 40.64
213.00 42.42
214.00 42.74
215.00 41.58
216.00 41.08
217.00 42.27
218.00 46.12
219.00 57.13
220.00 53.52
221.00 47.48
222.00 46.44
223.00 48.08
224.00 52.30
225.00 60.92
226.00 59.74
227.00 51.36
228.00 46.51
229.00 43.34
230.00 41.32
231.00 40.20
232.00 39.86
233.00 40.31
234.00 41.60
235.00 43.79
236.00 46.92
237.00 49.93
238.00 49.15
239.00 46.23
240.00 44.13
241.00 43.09
242.00 42.75
243.00 42.53
244.00 42.07
245.00 41.57
246.00 41.46
247.00 41.95
248.00 43.06
249.00 44.64
250.00 46.43
251.00 48.00
252.00 48.60
253.00 47.23
254.00 44.71
255.00 42.58
256.00 41.44
257.00 41.41
258.00 42.49
259.00 44.48
260.00 46.64
261.00 47.36
262.00 46.09
263.00 44.14
264.00 42.38
265.00 41.05
266.00 40.01
267.00 39.03
268.00 37.92
269.00 36.77
270.00 35.71
271.00 34.84
272.00 34.17
273.00 33.75
274.00 33.59
275.00 33.76
276.00 34.25
277.00 35.09
278.00 36.17
279.00 37.31
280.00 38.30
281.00 39.01
282.00 39.42
283.00 39.41
284.00 38.58
285.00 36.65
286.00 34.07
287.00 31.51
288.00 29.37
289.00 27.79
290.00 26.73
291.00 26.15
292.00 26.00
293.00 26.21
294.00 26.78
295.00 27.71
296.00 29.07
297.00 30.87
298.00 32.72
299.00 33.25
300.00 31.81
301.00 29.86
302.00 28.31
303.00 27.29
304.00 26.77
305.00 26.70
306.00 27.03
307.00 27.67
308.00 28.46
309.00 29.32
310.00 30.55
311.00 32.86
312.00 36.38
313.00 33.83
314.00 28.45
315.00 25.05
316.00 23.37
317.00 23.34
318.00 25.45
319.00 31.97
320.00 30.36
321.00 21.89
322.00 17.55
323.00 15.08
324.00 13.83
325.00 13.59
326.00 14.29
327.00 15.98
328.00 18.83
329.00 23.24
330.00 30.23
331.00 45.02
332.00 40.08
333.00 35.65
334.00 34.24
335.00 34.98
336.00 36.23
337.00 31.39
338.00 26.92
339.00 25.02
340.00 25.76
341.00 30.27
342.00 32.36
343.00 24.73
344.00 21.34
345.00 20.72
346.00 22.45
347.00 26.39
348.00 28.17
349.00 26.50
350.00 28.10
351.00 38.12
352.00 30.99
353.00 27.02
354.00 26.65
355.00 17.22
356.00 10.03
357.00 5.37
358.00 2.37
359.00 0.63
